The structure is stable.
The matrix is well-conditioned.

DEFL =

         0         0         0    0.0008    0.0000   -0.0013
         0         0         0    0.0008   -0.0000    0.0013
   -0.0000    0.0026   -0.0123   -0.0026   -0.0000   -0.0000
    0.0000   -0.0000   -4.4649   -0.0000   -0.0000    0.0000
   -0.0000   -0.0026   -0.0123    0.0026   -0.0000    0.0000
         0         0         0   -0.0008    0.0000    0.0013
         0         0         0   -0.0008   -0.0000   -0.0013


REACT =

    0.4498    0.2505    1.1250         0         0         0
   -0.4498    0.2505    1.1250         0         0         0
         0         0         0         0         0         0
         0         0         0         0         0         0
         0         0         0         0         0         0
    0.4498   -0.2505    1.1250         0         0         0
   -0.4498   -0.2505    1.1250         0         0         0


ELE_FOR =

    1.21   0.25   0.00   0.00      0.00     0.00  -1.21  -0.25  -0.00  -0.00     -0.48  674.55
    1.21  -0.25  -0.00  -0.00      0.48  -674.55  -1.21   0.25   0.00   0.00     -0.00    0.00
    0.50   0.00   2.25  -0.00  -1252.61     0.00  -0.50  -0.00  -2.25   0.00  -2122.39    0.00
    0.50  -0.00  -2.25  -0.00   2122.39    -0.00  -0.50   0.00   2.25   0.00   1252.61   -0.00
    1.21   0.25   0.00      0     -0.48   674.55  -1.21  -0.25  -0.00      0      0.00   -0.00
    1.21   0.25  -0.00  -0.00      0.48   674.55  -1.21  -0.25   0.00   0.00     -0.00   -0.00



