The structure is stable.
The matrix is well-conditioned.

DEFL =

         0         0         0         0         0         0
         0         0    2.0000         0   -1.3333         0


REACT =

         0         0   -1.0000         0    1.6667         0
         0         0         0         0         0         0


ELE_FOR =

         0         0   -0.0000         0    1.3333         0      
         0         0    2.0000         0    0.6667         0